# synthetic data experimental parameter values
# generated with solver tolerances 1e-10, 1e-12
# Beeler Reuter 1977
# 32 sets of parameter values
# standard deviation for Normally-generated parameters: 0.15
4.974607218197944769e-02 3.178827882833710605e-03 7.366193897283853168e-03 7.551492360089169346e-04
4.519244577594807438e-02 2.291692184137851356e-03 1.009377411705977660e-02 7.972370683791611765e-04
4.191423457634258637e-02 3.369080552874360000e-03 9.754529524453967732e-03 6.218810042178167605e-04
3.806549677591895831e-02 3.298371463799081634e-03 9.360523330802525063e-03 7.515146789126058227e-04
3.896543075469738326e-02 3.039124330591279864e-03 8.050656496058711253e-03 9.786800538516360424e-04
3.339628493672247567e-02 4.100979947665797654e-03 9.081908864711355986e-03 9.678367357517522968e-04
4.540513569558646961e-02 3.141042873933475206e-03 7.852531729377621936e-03 7.736711263750257594e-04
3.839267152224390411e-02 3.778436620037547815e-03 7.170007097929628759e-03 8.464382738744430108e-04
3.587696379928240198e-02 3.056267038213172308e-03 7.194504642995817184e-03 8.982902791459482662e-04
3.329613790818833352e-02 3.623068241353973821e-03 9.991762612531845944e-03 1.000175961677940255e-03
3.884898668583031123e-02 3.033994793855461329e-03 7.103410047498995294e-03 1.128481371138745793e-03
4.030484652865617273e-02 3.165577285551089866e-03 8.229098581600960763e-03 1.183534443424643550e-03
4.072095371488977655e-02 3.824031632596395277e-03 8.360204383946993542e-03 8.524462707233749006e-04
3.314489081186716007e-02 3.316595070733239451e-03 7.749326919950266096e-03 9.791941308095965159e-04
4.503390048324702744e-02 3.988828592684367548e-03 8.342704790305110682e-03 1.019494057176548348e-03
3.547361235402008567e-02 4.157755781497476065e-03 8.615515784501610180e-03 8.597574672611332704e-04
4.293110887922498703e-02 3.460324850663945833e-03 9.357955264941712065e-03 1.105175270216996689e-03
5.311345243919896736e-02 2.766839423868727981e-03 6.267063433484492893e-03 8.318971085022290731e-04
4.096022241668698105e-02 3.959988683586017875e-03 8.378761936689927206e-03 6.270028358637595939e-04
3.816277592422977205e-02 3.934686687368803976e-03 8.276113682437259353e-03 1.002871509342123397e-03
3.866603114433784377e-02 3.394602013811751258e-03 8.223873669185942370e-03 9.553569723731145146e-04
4.118979832076061914e-02 3.562479539048916087e-03 7.195205256453163049e-03 9.509711111533240661e-04
4.073092762594861943e-02 4.092979051653757722e-03 9.438701455881808727e-03 9.249961163603324802e-04
3.774829029945931530e-02 3.164666536086533245e-03 8.508193224876935482e-03 9.104409092270555068e-04
3.793687794657354950e-02 3.522888349837979827e-03 7.255998987262245528e-03 9.942343245997495131e-04
3.731722861128401042e-02 4.142866545022887322e-03 8.484189970148959051e-03 9.801331006370041579e-04
3.343052892555375272e-02 3.588925777355801011e-03 8.888667741315529197e-03 7.712504187559288214e-04
3.840268896397826953e-02 3.517122637014013283e-03 6.352259215703892972e-03 9.425465179257094253e-04
4.507696388551019756e-02 3.048754131063207470e-03 8.420655174396928302e-03 7.228417394829467733e-04
3.976782694440369331e-02 2.651719513780770397e-03 9.345701249882798142e-03 9.552015726214717556e-04
3.985229826474533110e-02 3.093040149936191526e-03 9.528507116190533185e-03 1.165558736149389192e-03
2.885210881331948599e-02 4.148986115987731045e-03 9.953180903778688013e-03 9.456315790375542868e-04
