# synthetic data experimental parameter values
# generated with solver tolerances 1e-10, 1e-12
# O'Hara 2011 endo.
# 32 sets of parameter values
# standard deviation for Normally-generated parameters: 0.2
9.936518045494862861e+01 8.776487172699849672e-05 2.683096948641926563e-03 1.498555173785205141e-01 5.396175018978703608e-02 1.834953686121407364e-03 1.079169882274636861e-03 2.543275859462938371e+01 2.127615638422839656e-02 2.375314812261294766e-08 4.846580952783730065e-10 2.939859290502345557e-04 7.016374193979738223e-03
6.923918467997376069e+01 1.226753888467087522e-04 2.340065239611581558e-03 1.842201395998753766e-01 3.792370255512338140e-02 3.428705347766602615e-03 8.932504341945316211e-04 2.339628493672246989e+01 2.457889483935845817e-02 2.950795360296397378e-08 4.126870754176401794e-10 5.900855949264411857e-04 6.474408211238499855e-03
7.315664661722027517e+01 8.128461131481862039e-05 2.839267152224390564e-03 2.110383646107291677e-01 3.963672108412715639e-02 3.130207601737935389e-03 6.900523679808641224e-04 2.492876615100768234e+01 1.731501547665272381e-02 2.493667700540549279e-08 2.912017238523541801e-10 5.234415697817091512e-04 9.989703265664805210e-03
8.613066240866002943e+01 9.616328895276769924e-05 2.467422621549098145e-03 1.622884395104680355e-01 6.157058232945526732e-02 3.434549273247699489e-03 6.980806965489035282e-04 3.114549290800479753e+01 2.840102054591537098e-02 2.560079476240814462e-08 4.212902332280564595e-10 5.300170319955827556e-04 6.971625230259721404e-03
5.786222702966789910e+01 9.301314555174245097e-05 2.874663459975133461e-03 2.131855409755126496e-01 5.371864740764545343e-02 4.033149415286418731e-03 8.456939720406813537e-04 3.531084698562437296e+01 1.698240823601339031e-02 3.126434077616643576e-08 4.134697365313506569e-10 4.701907164897284374e-04 8.232777219806244537e-03
7.386642430468415910e+01 1.226325877490285518e-04 3.911890089853319562e-03 2.742015575133054384e-01 3.315223371350912995e-02 2.418002612307878704e-03 7.192854619285678338e-04 3.096022241668698172e+01 2.350467568446490060e-02 2.657817473620802402e-08 2.233349088131997436e-10 4.693795987371628424e-04 8.741961963910869007e-03
7.845142103046575244e+01 1.152402236062404991e-04 2.866603114433784617e-03 1.831390720896312885e-01 4.771636479709221584e-02 3.678835120101614075e-03 8.317279552202832844e-04 3.071405187484475618e+01 1.731735085484387843e-02 2.688781893160459504e-08 3.841365953243577420e-10 6.129483907911920364e-04 9.298376819852259556e-03
7.777734626225915804e+01 9.249430099819771968e-05 2.616761755527466544e-03 2.069605445510865616e-01 4.671152862880674494e-02 3.166179500611668307e-03 8.069754970934795834e-04 2.627999493631122618e+01 2.279212813628887779e-02 2.276435717607000826e-08 4.668380778604123951e-10 5.403491641790800258e-04 8.390367784855599920e-03
5.857632231388437560e+01 1.033876486611733634e-04 3.444333870657765011e-03 1.544067850350092086e-01 4.355078974476667836e-02 3.422177891751483191e-03 5.803012287605190719e-04 3.189095635225374892e+01 2.338464259034013504e-02 2.070242029584006800e-08 4.012909483998080515e-10 3.687716588762568817e-04 7.441956736100922842e-03
5.076341467945057673e+01 1.224283541647132637e-04 3.245340322762097201e-03 1.898606169637802876e-01 3.886851310364373285e-02 4.266154032507967972e-03 1.114736279880757745e-03 1.885210881331948585e+01 2.494465612181127889e-02 3.313825376574452534e-08 4.003508772430857135e-10 3.800731967664813956e-04 8.795017976316031952e-03
7.228619546882774216e+01 8.792158744413485448e-05 2.261965118599823001e-03 2.118085108464523858e-01 5.329382316645799728e-02 2.975999103817741735e-03 8.832922139317393338e-04 2.313395166226114696e+01 2.320744412748538058e-02 2.523283649212072832e-08 3.610072671069488519e-10 4.898254127470854724e-04 8.803329235508802059e-03
8.625617459797513220e+01 1.105893064870541953e-04 3.082620725998431836e-03 1.937696542411488643e-01 5.168909841038642206e-02 3.558096300241541440e-03 9.092082250983176978e-04 2.813929935889164113e+01 1.026064894357144389e-02 3.019412300929706845e-08 5.390234735230692615e-10 5.441364443568581354e-04 7.349767150074749608e-03
7.295332884155949671e+01 9.761891624450381077e-05 3.010445644980002614e-03 1.479837653110187279e-01 4.124273098713390068e-02 2.722021757197820753e-03 8.398078658220433246e-04 2.822015308577482173e+01 2.198084529591183903e-02 2.412648420128749598e-08 4.489751390865931459e-10 5.213533901335441843e-04 1.078604959345460038e-02
4.655458615663361144e+01 8.706166623490184061e-05 3.540892134989226305e-03 2.872809089717321407e-01 4.371256004501776482e-02 3.429694915361304608e-03 7.637897211978232105e-04 3.798874267552555040e+01 1.885076854609592581e-02 2.840034919939052175e-08 3.510148800825996557e-10 3.727441244754005757e-04 7.970321580695147179e-03
8.254777220152988093e+01 1.258645176506452488e-04 2.933731784149610448e-03 1.672414636487362938e-01 5.117740208889504094e-02 3.563701222721658238e-03 8.449064123396223848e-04 2.956132377751633200e+01 2.464135427997507857e-02 2.684746358187861452e-08 5.178494031255736410e-10 6.111056698560504274e-04 8.488574694150315819e-03
5.058842489075613713e+01 1.120463856059125885e-04 3.252169322188236227e-03 2.217459158341836822e-01 5.560886727130677498e-02 3.127402829583529956e-03 9.318408989520652079e-04 2.662616741388546160e+01 2.781951230003613940e-02 1.834024166741375916e-08 2.429483579700912370e-10 3.349278734175899891e-04 6.164166623755427087e-03
5.821326902160407712e+01 1.391215780740728478e-04 2.804100301153089354e-03 1.395634918773570321e-01 5.625232338637408541e-02 3.001163721601316729e-03 6.021034597533764200e-04 3.525503356589580051e+01 2.249344870631213300e-02 2.282521658522386142e-08 4.805655000180921343e-10 5.129101579710725230e-04 9.925424398285949759e-03
8.254111322999857236e+01 1.311761108123972008e-04 3.065641617855257000e-03 1.442545538112801062e-01 6.853419157136485251e-02 3.028873565771853914e-03 7.681859419377765888e-04 2.579760897047247070e+01 1.918642220414176758e-02 2.621334720540896980e-08 3.901372634155502975e-10 5.661020287598692372e-04 1.018823731346335006e-02
7.319303142317238553e+01 7.533758529107146868e-05 2.290609124094219583e-03 1.653948075855213307e-01 3.059739856990582180e-02 3.961020280618510192e-03 7.202858298190275991e-04 2.813409013018289784e+01 1.999243406864798650e-02 1.801689787702284231e-08 3.104012729417968194e-10 5.674711525687971703e-04 8.427808696179438924e-03
6.835242103949043724e+01 1.362106982825091520e-04 2.216563846465357829e-03 1.776352880604859796e-01 4.387627436315368057e-02 1.500702199900352590e-03 1.110004610178572755e-03 3.219799208724035111e+01 1.582164247236883189e-02 3.525586721428722123e-08 4.189246500129286474e-10 5.429526140021963916e-04 6.589502402699930379e-03
7.659334086052825796e+01 6.948639367541285762e-05 3.477015656654906632e-03 1.765114337529427035e-01 4.723324340830253876e-02 4.217397306295799821e-03 8.455596977358493084e-04 3.157480467277960656e+01 2.110599721928873782e-02 2.133364198052343296e-08 4.377003539575701668e-10 6.543359110804484189e-04 8.638208490146896679e-03
8.827363221697324036e+01 8.245436962163624304e-05 2.479327666276244600e-03 1.358161709130233930e-01 5.733672825162161590e-02 3.227157690026989569e-03 1.023975030796957751e-03 2.530852990387919732e+01 1.824996406868567567e-02 2.547712543595628792e-08 4.441087551494633848e-10 5.060750195799507611e-04 7.816687132511573877e-03
7.524791350958423664e+01 1.035437544055192228e-04 2.330117989269153613e-03 1.938881781731403020e-01 4.428347325969450576e-02 3.361359352997623281e-03 8.787738489498638688e-04 2.591593115394668700e+01 1.966196789038147930e-02 2.351319058613248054e-08 4.062976503731146617e-10 5.784770651015590020e-04 6.066862106439465871e-03
8.378865646653922283e+01 1.413156664043767070e-04 2.117305844500424767e-03 1.591206404747752545e-01 3.789868608143362461e-02 3.210213549350562391e-03 1.059655853752640257e-03 3.008011605808306044e+01 1.722122561885109510e-02 2.810901752152786288e-08 3.300146601696863911e-10 6.123412162021934883e-04 7.957900560366016132e-03
9.583169094555402978e+01 8.677311513693963232e-05 4.818514267423218422e-03 2.222661492912767489e-01 5.202213740379763723e-02 3.365191855626788187e-03 6.839044609384916295e-04 2.479338793425845822e+01 1.945609069559764426e-02 2.101365107253434959e-08 3.962006784186315356e-10 4.173902568152680127e-04 8.431624051258511734e-03
8.934182556187043645e+01 8.588318985195432509e-05 3.715611640652816128e-03 1.817201357316967081e-01 5.662864855201167613e-02 3.697953116158041436e-03 9.795725314651348731e-04 2.401788122682190618e+01 1.957282405288309976e-02 3.225714630295467682e-08 3.286472364238816007e-10 2.962798774319205103e-04 4.586116227785316107e-03
3.740339020985908292e+01 5.771672156166348153e-05 2.753016502086910733e-03 2.395886316412401129e-01 4.193149062847881248e-02 3.619998600448973234e-03 7.824013615738229172e-04 3.005129367261614703e+01 1.932720464102113608e-02 2.412909827846004523e-08 4.095873074982762890e-10 3.824017328558684792e-04 9.015190766002085729e-03
8.880026899871644730e+01 9.609885318248198008e-05 3.483236054539309064e-03 1.640366966940261240e-01 4.105754818034688947e-02 3.506259418183656391e-03 7.695646359864221969e-04 2.730757180397026218e+01 1.731020784485361522e-02 2.221252639106978427e-08 4.454376558147365709e-10 3.056676594331647298e-04 8.028741546554000671e-03
7.145344572280519913e+01 1.145562699999929773e-04 3.309044168183619076e-03 8.461848471436446417e-02 5.137874881639231672e-02 3.620506485544926212e-03 8.034980538602484387e-04 2.718795710233265339e+01 2.341312488782248957e-02 2.293485345144483671e-08 5.126038219987264669e-10 5.564382855494314590e-04 1.070674210115922335e-02
6.321699004619646445e+01 6.488148719534296517e-05 3.428873758491489485e-03 2.233391869954369502e-01 4.632531289290376525e-02 2.353620592893642879e-03 7.283367704454211120e-04 3.370791320352200415e+01 1.926329469738501804e-02 2.442007407263801521e-08 3.618405773503685606e-10 4.066085344373498783e-04 6.700469510874600999e-03
5.360166869219201402e+01 1.353591989662205231e-04 2.714776274917210866e-03 2.090256045381579664e-01 3.659864930929995763e-02 3.940279202928735972e-03 5.002942435783516934e-04 3.552369070832973819e+01 1.985852830048515788e-02 3.555302526800354606e-08 2.770099445366985904e-10 5.076380480159592987e-04 8.050847720825796486e-03
9.349348788564356028e+01 9.154286077218449927e-05 3.051878643914572326e-03 1.090434696184076208e-01 3.836244645099108619e-02 3.707098846377564205e-03 9.766678922085141740e-04 2.830958238560632267e+01 2.822542209279317246e-02 3.380124613224546575e-08 3.704510631168892517e-10 2.586496998826212147e-04 4.833650436291018170e-03
