# synthetic data experimental parameter values
# generated with solver tolerances 1e-10, 1e-12
# Hodgkin Huxley 1952
# 32 sets of parameter values
# standard deviation for Normally-generated parameters: 0.15
1.492382165459383430e+02 3.269651536628959576e+01 2.762322711481444704e-01
1.006865648011889363e+02 4.067320119835326153e+01 1.964307586403872541e-01
1.514066117558966482e+02 3.188948273516644605e+01 3.143567593225694012e-01
1.155113332414066178e+02 4.389538286004285794e+01 2.072936680726055747e-01
1.141964903277568624e+02 3.392610648479055158e+01 3.510196249050946959e-01
1.002019571883474356e+02 3.506888767922764316e+01 2.604963711935382453e-01
1.207598474408806624e+02 3.914720215406543957e+01 2.504721370254185397e-01
1.406050267771130677e+02 4.086858989120109698e+01 3.226122452505840732e-01
1.362154070867594271e+02 3.230786956045859881e+01 2.944699398516608113e-01
1.031561501833367629e+02 3.455340437001951415e+01 3.238659960032183593e-01
1.075501064689444348e+02 3.385753095497771881e+01 2.690772284946180148e-01
1.047862984530230506e+02 3.237527089348117215e+01 2.994300930486494261e-01
9.988841372456499812e+01 3.726584476821230396e+01 3.746910979699442090e-01
1.333567948903920239e+02 3.496408801724727766e+01 2.600566966161823590e-01
1.065511507124849260e+02 4.513925484554982859e+01 3.022863489649212920e-01
1.085340783617516394e+02 3.703094361720432204e+01 3.945114811415478262e-01
1.221628611446693213e+02 3.933289679242006542e+01 3.135076643980121980e-01
1.136595027631166630e+02 2.983040173068044254e+01 2.842795774914205209e-01
1.162399037992539945e+02 3.916776523238386432e+01 3.377542536243526849e-01
1.367598374634640379e+02 3.754217155637299186e+01 3.398313523921827617e-01
1.064208370620602579e+02 4.276548803825975398e+01 3.230818419188103974e-01
1.146343289681511095e+02 3.863799799130248402e+01 2.965992729140524697e-01
1.403693289741256649e+02 4.420701080867986832e+01 3.983508932939922587e-01
9.486306596121352186e+01 2.820178545068021947e+01 2.772990361674096960e-01
1.228806672500609380e+02 4.073131217402761450e+01 3.142035726258722295e-01
8.360037811516794193e+01 3.434649833180679224e+01 3.372588589173260432e-01
1.241417052365588916e+02 4.011486037368493385e+01 2.899952335825338179e-01
1.163863547592600440e+02 3.700743151133673337e+01 3.184523241243715219e-01
1.235693949622818479e+02 3.664264668736027630e+01 2.698201971169936209e-01
1.267961481537765565e+02 3.665783486335375585e+01 3.508267758560363880e-01
1.415805218382271278e+02 3.699984465441329462e+01 2.831121772459448405e-01
1.085028526658240082e+02 3.828686951194620747e+01 3.034803030756851316e-01
