# synthetic data experimental parameter values
# generated with solver tolerances 1e-10, 1e-12
# Davies 2012 canine
# 32 sets of parameter values
# standard deviation for Normally-generated parameters: 0.11
9.724093417524390048e+00 2.266477510631334936e-04 4.709505536255099156e-01 2.434246726313386757e-03 8.180284052886670210e-03 1.034674248442493151e-02 6.853593440866924402e-02 7.312120448187221919e-07 6.055301658312743029e+00 6.017772288190688101e-01 2.095301530900279541e-01 3.093538087821032101e-07 2.170201742006656984e-04 1.053529423085121722e-02
9.278895768919408482e+00 2.135999064246959611e-04 4.905164485847260392e-01 2.493482184319071281e-03 7.503933553042098185e-03 1.474238823872479377e-02 5.053858370412827455e-02 8.985216781485528770e-07 6.430173628701463251e+00 6.529510209415083644e-01 1.983864948726448973e-01 3.699159741963292936e-07 2.219584669184134569e-04 9.867718984546526920e-03
8.006891567739391036e+00 2.571764016259116921e-04 4.619586586551079899e-01 2.639545629246525197e-03 6.904656884059485675e-03 1.256613872017032889e-02 5.325436822245711854e-02 7.969218546985413157e-07 5.131010790653198761e+00 6.347049184326759574e-01 2.134553722265164766e-01 4.326499430654028066e-07 2.202520700790500303e-04 9.925968953457348087e-03
7.571953848421114408e+00 2.882393114854716145e-04 5.027944265126815804e-01 2.566608121701543978e-03 7.626109503223771520e-03 1.705490901829856756e-02 5.826000537444630395e-02 8.522139701528108127e-07 6.043159600891574001e+00 5.947749948230348638e-01 1.578153011782703896e-01 3.846289202138333322e-07 2.198298677239742427e-04 1.170981406133045875e-02
9.011377448091112186e+00 2.678883586332440675e-04 5.157073028889842536e-01 3.028728857472592993e-03 6.849423449713182808e-03 1.576352345958563494e-02 6.074428111414391374e-02 7.718659091835651409e-07 6.164361427296879192e+00 6.136064002825044605e-01 2.029685014878480631e-01 4.668719399225767358e-07 2.790929913116956982e-04 9.310239434059352365e-03
6.939466721572648211e+00 2.295156274834413601e-04 5.088020388196307087e-01 3.026004884450885467e-03 7.728581196265280062e-03 1.077244219073042117e-02 5.556325962012555186e-02 8.707162743223432991e-07 5.998065962206979407e+00 6.706143859599871249e-01 1.760856747284713086e-01 3.911666449670800983e-07 2.296173944269599997e-04 1.149616249312199016e-02
8.429956996015043558e+00 2.461811011024333303e-04 4.631135742541033218e-01 2.874628365527031118e-03 7.569340488118807449e-03 1.557549055526926546e-02 6.508315559037704257e-02 8.142873146648596838e-07 5.608504134617010806e+00 5.752764116426469787e-01 1.889084803999429574e-01 4.034029630073366030e-07 2.164896215296158535e-04 1.105275219676943657e-02
7.687349234117072605e+00 2.616583962707504335e-04 4.754079289367700856e-01 3.131760539178949244e-03 7.800765793999052573e-03 1.475879111342940676e-02 5.057468257568790981e-02 8.129026160113625698e-07 6.326548076280452015e+00 5.538387527894474971e-01 1.752142315632980729e-01 4.014350400545077155e-07 1.910153463238927949e-04 1.138134286437117275e-02
9.017890787683418452e+00 2.200251389015609837e-04 5.192800288265259079e-01 2.361590756348315358e-03 7.437457092415600095e-03 1.139182433078165732e-02 6.459296700459057905e-02 8.339284005164829683e-07 5.834158988893936026e+00 5.659905622952990933e-01 2.057904239933024959e-01 4.865524769672082954e-07 1.790149488549428770e-04 1.249575847684791102e-02
9.727093058482632060e+00 2.520350526494357637e-04 4.340402582215647787e-01 3.022111638406364733e-03 7.320602713707304900e-03 1.293384791222693293e-02 4.971988229190646424e-02 8.463618161833773784e-07 6.360171218219099920e+00 5.763109397111692012e-01 1.908360431725917572e-01 3.496489788565816648e-07 2.448460605388157749e-04 1.105634643109321656e-02
8.080687931994081197e+00 2.402803328272959393e-04 5.477887386353227361e-01 2.987824973863016306e-03 7.904267976131362783e-03 1.406405141139003591e-02 5.799221863404787486e-02 8.523173049316789207e-07 5.999610248831516834e+00 6.652061551297140385e-01 1.743426314617989026e-01 2.928671383792858910e-07 2.507109088960205292e-04 1.364624537283885136e-02
8.650538232538488970e+00 2.403228506143320706e-04 4.924955390857181925e-01 2.723855148591567722e-03 7.483553874523930262e-03 1.214428609410143564e-02 5.422937755365456192e-02 7.105109000577049235e-07 6.010102260353029635e+00 5.985598615667581113e-01 1.903324208375823945e-01 3.923130609713299300e-07 2.494117958985757246e-04 1.125837602061588449e-02
1.023806000404003314e+01 1.923102725311210770e-04 4.644195821459800588e-01 3.033691420304548362e-03 9.546566646412006640e-03 1.347529004688319265e-02 5.777620638185330948e-02 7.781668993347154586e-07 6.706792651950114426e+00 5.991951085421635126e-01 1.940027866707797755e-01 3.859287296484584183e-07 1.935041708076616304e-04 1.137939274176075211e-02
8.706640218192559288e+00 2.775679278400873615e-04 4.939254135470476093e-01 2.572568877456927333e-03 7.931624365301382859e-03 1.422107418056079917e-02 5.927520661280068909e-02 7.916154966405109201e-07 6.596677869790990023e+00 6.438985980083227201e-01 2.183169986541101670e-01 4.488864947366622039e-07 2.413114824534802092e-04 9.030799607854328448e-03
8.796604746868284863e+00 2.542341433034858776e-04 5.446023420041955498e-01 3.077092619953123581e-03 7.139881462257862028e-03 1.510995325030492151e-02 5.394341814880426050e-02 9.696400226536582036e-07 4.992889102596150153e+00 4.989131348578578207e-01 1.477249292670624881e-01 3.608155542968258515e-07 1.973018938856467498e-04 1.336685547348140553e-02
7.953701705494047758e+00 2.071102761499411175e-04 5.612910637228885058e-01 2.581931332173764172e-03 6.453029620899498366e-03 1.518894524385828310e-02 6.144276576685606117e-02 7.598514947702898939e-07 6.755751990155229869e+00 6.275369762690612419e-01 2.126045342853116749e-01 4.221205988079957623e-07 2.635804371303414936e-04 1.113237726267476621e-02
7.143081959741527598e+00 3.084716239894111345e-04 4.699824207609587523e-01 2.699632824826930701e-03 6.893790331382861590e-03 1.354423458876707377e-02 5.903488421484234805e-02 8.157509990659011814e-07 6.275366555069758157e+00 7.407287680983994926e-01 1.781081759271391785e-01 3.457426876403572031e-07 1.957376263688865540e-04 1.019443703297905589e-02
6.730667304585819188e+00 2.650530472072541222e-04 4.725982540002907073e-01 2.665584960587254193e-03 7.467695924599347494e-03 1.172580354449269738e-02 5.205217401809153488e-02 8.572622714586891668e-07 6.248029930660979225e+00 5.885866104666879206e-01 2.164481707199609473e-01 3.425480154074595407e-07 2.164615665486642514e-04 1.072068391080608155e-02
5.715275362367014722e+00 2.947901451879578086e-04 5.201482607997032215e-01 2.442862663652794249e-03 9.154529996186926144e-03 1.474672663310670415e-02 6.021675283563893144e-02 7.447490371399202567e-07 5.918354322916661303e+00 5.149083834766393641e-01 1.962852431048053015e-01 3.835247139708982604e-07 2.283176928647269260e-04 1.245448638326164363e-02
8.508408910595520069e+00 2.500157548172331559e-04 5.152074617652201427e-01 2.537378741057382849e-03 8.156126107569784331e-03 1.620622063721982586e-02 6.229944580011941707e-02 8.757141663567057663e-07 5.285469342576145202e+00 5.596862321432115595e-01 1.518914065376855138e-01 4.542191351164511343e-07 2.187090482767176211e-04 1.269381117040199389e-02
7.540415147961728515e+00 2.313053848889920245e-04 5.052483797955191758e-01 3.039752240845027247e-03 7.519163423997302260e-03 1.417594610389106939e-02 5.760453686320801681e-02 8.135877929716380640e-07 5.131551543491166711e+00 6.242581008099938877e-01 1.767954740838298400e-01 3.974997228410227223e-07 2.371853297594320544e-04 1.017637944937924838e-02
8.173308965130299697e+00 2.350515168734642322e-04 5.229516102736174732e-01 2.998256369648332701e-03 6.684255884491685680e-03 1.474710523240400570e-02 7.056607950038412680e-02 6.688900076544142951e-07 5.315784385364723974e+00 5.588156871106061407e-01 1.749585147387579531e-01 4.714053597819760625e-07 2.253304787395926320e-04 1.015942074970245523e-02
8.814286680157307430e+00 2.269672248844762318e-04 5.617876689112064614e-01 2.852679073418081402e-03 8.610295455697249481e-03 1.284633650451603992e-02 7.667017123575309290e-02 8.704186860502110340e-07 6.271222328189540285e+00 6.152659862847034145e-01 1.660932691995859467e-01 3.618181781845619692e-07 2.216345611790104190e-04 1.003530355955331230e-02
8.506528208865441698e+00 2.209184156467211308e-04 5.341595485461454462e-01 3.050278549372257772e-03 6.889319086909404671e-03 1.567180824518757745e-02 5.599501725636744226e-02 8.994490405848515098e-07 6.131960044481910899e+00 6.951384713927858394e-01 1.607041719597581408e-01 3.953010645817140588e-07 2.609228741996256324e-04 1.025217541430528852e-02
6.401239887694678998e+00 1.910745911791343263e-04 3.621457641028166252e-01 2.118139833306051552e-03 7.131040059838987012e-03 1.580262821418363522e-02 5.470289980707918054e-02 8.264340268562326934e-07 5.779220476079718338e+00 6.193318625987394022e-01 1.771604120368686364e-01 3.923360648504483899e-07 2.364138114744311766e-04 9.577060967556007623e-03
9.166690413431261675e+00 2.675920793557126838e-04 4.892718462518254596e-01 3.004517443596890075e-03 6.893013145859644593e-03 1.303549252608889215e-02 5.848836885295827931e-02 7.813352953611420919e-07 5.561237075975809852e+00 5.729815053600872954e-01 1.694309422989381253e-01 4.413234247446454212e-07 1.769027457097082788e-04 1.142651818088689236e-02
8.035433466229715549e+00 2.624544548549906050e-04 5.283290487501650645e-01 1.915222535620572696e-03 7.949605886483936817e-03 1.434838162459414236e-02 5.763828244166294135e-02 7.568916801887017910e-07 6.399086466328442135e+00 5.906381926077928224e-01 2.169283184771295114e-01 4.248328456417498241e-07 2.779112446691271786e-04 1.004950386372651522e-02
6.656497481488687029e+00 2.621063259407958521e-04 5.468987233948907623e-01 2.770735325465824295e-03 6.204950540414401472e-03 1.317162475850965596e-02 6.140875850204611380e-02 7.818659214184147142e-07 5.775363533148512474e+00 6.068078239454595124e-01 1.619571245125358272e-01 3.765471056523216196e-07 1.896927533421168368e-04 1.313923153745634106e-02
7.818599115812280509e+00 2.557665201599833272e-04 4.437962730447279625e-01 3.001218773542888539e-03 5.930228160457727028e-03 1.525718245654126767e-02 5.727629787514215698e-02 9.833103124013484588e-07 5.009245324124873555e+00 6.239486464308622304e-01 1.877913876646641334e-01 4.542475644645544115e-07 2.145342902055782941e-04 1.110462193189438659e-02
6.305711443362287838e+00 2.208095862646730178e-04 5.248388772805382407e-01 3.095227325465655169e-03 7.237770550950984629e-03 1.698800767584432089e-02 6.863357635729051831e-02 7.927093001003975556e-07 4.296910818744667182e+00 4.977643885467050167e-01 1.650556129973127228e-01 4.490970087486633753e-07 2.326792391226482361e-04 8.465960142370396527e-03
8.042395010300326774e+00 2.861251495420720600e-04 4.793857421983541145e-01 2.532309224195107740e-03 9.157365118550678598e-03 1.393559410451828545e-02 5.446933135017804906e-02 8.287725674197653056e-07 5.861045501421726200e+00 5.895415036876239245e-01 2.044939004033992092e-01 4.490908793225173425e-07 2.458113235639922990e-04 1.087550646673601795e-02
9.290812091582530741e+00 2.416714500590886000e-04 5.256653796975861992e-01 3.073827333106432091e-03 8.133810681170588683e-03 1.658171812652839763e-02 6.035437140145408219e-02 6.502005901547783916e-07 5.103430537443904846e+00 7.106416453465250749e-01 1.739223726609876730e-01 4.170077223858560074e-07 2.039264725008620301e-04 1.221106652265316339e-02
