# synthetic data experimental parameter values
# ten Tusscher 2004 epi.
# 32 sets of parameter values
# standard deviation for Normally-generated parameters: 0.3
2.206861095181055177e+01 1.428827882833710514e-04 4.548569503704807282e+00 6.509850368190230052e-02 3.086074607553638827e-01 3.095383909359151744e+02 4.478923976038934884e-01 4.568096544010296993e-04 3.177564013569676108e-04 7.632808320693409421e-01 2.100403276425698643e-02 5.202265060992586898e-01
1.340279205805427232e+01 1.548371463799081760e-04 7.243407150746911327e+00 6.432313150135592072e-02 2.323265267450429772e-01 7.366424746235884413e+02 2.977232524603152797e-01 6.955079819559300278e-04 1.942461315824758688e-04 1.108319118185304264e+00 1.854896735619644341e-02 1.567319186875303361e+00
1.884807017255560169e+01 1.391042873933475115e-04 5.205733499321512525e+00 6.904984029333882667e-02 2.253102261474878298e-01 1.159106640021455860e+03 2.329955216978277510e-01 5.215365736303784021e-04 2.302159750895948738e-04 6.158116037290669587e-01 1.165994194693473381e-02 1.356825244881736836e+00
9.864404714084923143e+00 1.873068241353973351e-04 8.096369230183654508e+00 1.173708718246272570e-01 2.309000869014213031e-01 7.337113107745492471e+02 2.281006384911760942e-01 8.925799371425277573e-04 2.944202746655145519e-04 6.673435774740850146e-01 1.543620982284350102e-02 2.220164248765255088e+00
1.537287556107672160e+01 2.074031632596394969e-04 5.891726173808374156e+00 8.585520442098666660e-02 1.610249124453727032e-01 8.951971832761366841e+02 2.755755286163445450e-01 6.961842787539582579e-04 3.629915570070819052e-04 1.055447765122630388e+00 1.585087248461365325e-02 1.723668679721019448e+00
1.147987300544749978e+01 2.407755781497476245e-04 6.236715703807801603e+00 8.741492634904178549e-02 2.809060837705060210e-01 9.773284860936832956e+02 3.938097119732158480e-01 8.619194665965823881e-04 4.801450603683850597e-04 4.793671569666859145e-01 8.274781532218399710e-03 1.155875248400080046e+00
1.555038901094007286e+01 2.209988683586017947e-04 5.916802066952262962e+00 3.776060498426871831e-02 2.224940050718146600e-01 1.248392392782173829e+03 3.142943556591386023e-01 7.273331856234155476e-04 2.706574515928987577e-04 7.753123779398255477e-01 1.541713889252868674e-02 1.529547103049293533e+00
1.572071137417230169e+01 1.812479539048915942e-04 4.317521102782336584e+00 1.068738370460424886e-01 2.539538634178706289e-01 1.338845172373575906e+03 3.997445570073129284e-01 6.248837797451484545e-04 2.573502093421600832e-04 6.669142241550799488e-01 1.645490527080081464e-02 1.393601151927221338e+00
1.330736974856291255e+01 1.772888349837979790e-04 4.399668631538108166e+00 1.161033225812798941e-01 2.121360504882291165e-01 1.367352311441649817e+03 3.295879628059485422e-01 6.974195457269030240e-04 1.947426694205293984e-04 8.669221521820204002e-01 1.784363725580168439e-02 9.723179341012779808e-01
1.365295494237547480e+01 1.767122637014013030e-04 3.178490265219885647e+00 1.050765904908179948e-01 3.071928075974999506e-01 7.421452177504040719e+02 3.249181553181742510e-01 3.589384661642321594e-04 2.866334906938535561e-04 4.250963422109345635e-01 1.951180956207220971e-02 1.529076759800988006e+00
1.472842008261455859e+01 1.343040149936191327e-04 7.470395240752456978e+00 1.526525303785363497e-01 1.084383329631637277e-01 1.370849209135846195e+03 4.375587964277334874e-01 6.520308773116268320e-04 1.856636811868388160e-04 1.038677966092145244e+00 1.380756907689770045e-02 1.115238031483675174e+00
9.362519214892085273e+00 2.039032185387513205e-04 6.690536333088223486e+00 7.804231498522200272e-02 2.832623607748927519e-01 6.566975831130572487e+02 3.647241430110526039e-01 6.002703522001282986e-04 2.737684298440606532e-04 7.998178965490364556e-01 1.840572136768570122e-02 1.668618196048842428e+00
1.719486194482364994e+01 1.822293135248627622e-04 5.531186958910452311e+00 1.138093515455575050e-01 2.620883500996372684e-01 1.204765422059345610e+03 2.666477005757070806e-01 1.595728130945721639e-04 3.803777403617690099e-04 1.366277462626128703e+00 1.653317626283038952e-02 1.321076571680362077e+00
1.423062986702119836e+01 1.687496551418224855e-04 5.433229355558457208e+00 6.368586061208962590e-02 2.069935573428632603e-01 7.008919517049210981e+02 3.159440860344013280e-01 5.393165313389347354e-04 3.330833851860825969e-04 7.817609679637309572e-01 1.892014812265703852e-02 1.449249952085661652e+00
2.458968077353587134e+01 7.544105154821765114e-05 4.356024589994667018e+00 1.219628224794828686e-01 4.308319394502702626e-01 9.254095666853620514e+02 2.978516051983338686e-01 5.518065905295837376e-04 4.058367687951204691e-04 7.538913037896852742e-01 1.757870589866609642e-02 1.231329066690002971e+00
9.173331956897980533e+00 1.914612553243301755e-04 6.220914174985381351e+00 1.332449054169291269e-01 2.368821435583272350e-01 8.147913808862917904e+02 3.436355287217981447e-01 6.347549075814212186e-04 3.144178617096695977e-04 8.069046058225486373e-01 1.968228293657271061e-02 1.512974723911120645e+00
2.331639777430904203e+01 2.333304766744264563e-04 6.473649244376490586e+00 4.912977579025178815e-02 2.892704671017287121e-01 1.126084661094117791e+03 3.655259375412736045e-01 7.774929160200090474e-04 2.551235973143633931e-04 1.028941390566475711e+00 1.213710221213638689e-02 2.160763181448691839e+00
8.908950351665120948e+00 8.256385057906387675e-05 2.728355467466222262e+00 7.035199917610419906e-02 1.627450182058599870e-01 1.586823671111092608e+03 2.652027442695041315e-01 3.535407798065673618e-04 3.869513189798418507e-04 6.798353251416557885e-01 9.182582210748680557e-03 1.719867785837503993e+00
1.761283439281945462e+01 1.521647741448505615e-04 7.687326110391152767e+00 9.971812549566889949e-02 3.638457955160115387e-01 1.150822264599971277e+03 4.314866486826715586e-01 6.114299188851560381e-04 1.838822374628241562e-04 1.431218740642695719e+00 1.220950914423635236e-02 1.280754849223596947e+00
1.172024609519352722e+01 1.643217914293606738e-04 5.798488498714130301e+00 1.018127091515713262e-01 2.935849911385038924e-01 1.537647462692670160e+03 2.833750247682536583e-01 3.729977573847145897e-04 1.871383229936618420e-04 6.602257567457161525e-01 7.267022362629078393e-03 1.699107186265769842e+00
1.262025214285261931e+01 1.586732886391003226e-04 5.401932960578177401e+00 5.577733177165156847e-02 1.816932474829609234e-01 1.202413457706391682e+03 3.485551513353510322e-01 5.132926651075667233e-04 4.475165375289147330e-04 5.018325866669599566e-01 1.308895601952118903e-02 1.267678880954847154e+00
2.404861430347691176e+00 2.767202627148441759e-04 5.999007361576705222e+00 6.591582580105560807e-02 3.957612480500221630e-01 1.175698600051714720e+03 3.318842055499372501e-01 4.841970844796718060e-04 2.992413769910639665e-04 4.473941217332338960e-01 1.808221429358081861e-02 1.209004502920660196e+00
1.543470214214324798e+01 2.381078802654845435e-04 5.866719061741747510e+00 1.035590624293421386e-01 2.653226989044304984e-01 7.800185188314061406e+02 3.677356162541025042e-01 8.661005780788762903e-04 3.560160924285200390e-04 1.044014931580058647e+00 1.075750694713833652e-02 1.007422140734122618e+00
8.424084465467304383e+00 2.396932862184928867e-04 4.992847344674652632e+00 1.363155055434523977e-01 1.875294913225201421e-01 8.687473051514257349e+02 3.024164926902689343e-01 7.556495321939291727e-04 2.952852670345570670e-04 8.772533768644098506e-01 1.467239074479859476e-02 1.434398902504757656e+00
9.868145362387847896e+00 1.792486728010971313e-04 5.102462162021157432e+00 9.436345495048760468e-02 2.811867368613437113e-01 7.957965576973342650e+02 2.865463919829116524e-01 5.391885296194256962e-04 3.263052744328130499e-04 1.019230736126358394e+00 1.041523735080324142e-02 1.601403002148528820e+00
2.403362787162211589e+01 9.776426139378719782e-05 4.058876271746543196e+00 7.063936512448788785e-02 2.244863174665681638e-01 1.486854725786200106e+03 2.951777060538209319e-01 4.686224174769885531e-04 3.440969048745847738e-04 6.765483785599651911e-01 1.952054526965607550e-02 1.486732112643702752e+00
2.102001260500261282e+01 1.402794272344665171e-04 1.031953480771124809e+01 1.197480372009635807e-01 2.931116412151224537e-01 9.846434657177007921e+02 2.300023340923434689e-01 4.378842828540503327e-04 2.781699726292487197e-04 6.276757280904503578e-01 1.583811961964808057e-02 1.024456589347185087e+00
1.760268753451476087e+01 2.251963894665465682e-04 4.260479617247197481e+00 1.303493587513351870e-01 2.275112677222145829e-01 1.346586365826467727e+03 3.326462718310870814e-01 7.913255099262994858e-04 2.032592777889176145e-04 7.985684882721416633e-01 2.095726016138829695e-02 1.109470144037306927e+00
5.769602464004510267e+00 7.301406797248608145e-05 1.340806481685766993e+00 3.511207904879541652e-02 2.147445215056465184e-01 1.383558424852516509e+03 2.549953775469381290e-01 6.494584579996143638e-04 2.804307403557661921e-04 8.271158639954160341e-01 1.386328908191814327e-02 1.290829911315755085e+00
1.689082587463769514e+01 1.132609097493309593e-04 7.042921218048256549e+00 1.224965164775355803e-01 2.306632854456212578e-01 1.241618027269654476e+03 2.321414216041169654e-01 4.965891909597398542e-04 3.035949549734972739e-04 7.779202962914967268e-01 1.263452741689829149e-02 1.087237731351796688e+00
1.235636799544160525e+01 2.243063590703156258e-04 2.253901097708766343e+00 1.061518376938367786e-01 2.276218840417454647e-01 1.218344049999894651e+03 3.394294927229920544e-01 9.782187854484095915e-05 3.408642551115360843e-04 9.052578752534842232e-01 1.469575922442429954e-02 1.170499878668853633e+00
1.863629603141325575e+01 1.533159612401707988e-04 8.379994631612467160e+00 1.122542262382362349e-01 4.021303629568019344e-01 7.643398009239293742e+02 1.391273585314624917e-01 7.189466325134808659e-04 3.641852533700999086e-04 8.337516240210524066e-01 7.860085583638463241e-03 1.178990027524994044e+00
