# synthetic data experimental parameter values
# Paci ventricular-like SC-CM
# 32 sets of parameter values
# standard deviation for Normally-generated parameters: 0.1
4.267564775431047565e+03 8.107407391512921543e-05 2.666243877111855554e+01 1.822007104217925555e+00 3.245138700427514067e+01 3.175615287536883158e-01 5.754957764466075787e+03 6.399157652164015886e-01 1.900172624841784730e+00 2.915808781657986160e+01 1.031589714334047780e+00 2.390145370051069662e+01
3.552863422362604979e+03 8.304044104128124589e-05 3.134067027861886956e+01 1.816512192341206422e+00 2.935171384535534145e+01 3.762883402607433703e-01 4.920684735890640695e+03 7.330081129628126524e-01 1.638753343221987180e+00 3.332695888743018742e+01 9.811431648533516237e-01 3.161578473832836167e+01
4.001955156678917774e+03 8.045254995907248543e-05 2.780327384638304622e+01 1.850009458467724022e+00 2.906660670922336820e+01 4.343771630029501507e-01 4.561086231654598123e+03 6.651592637158476595e-01 1.714886369785496578e+00 2.737631395377506038e+01 8.395878482246863506e-01 3.006499560589924513e+01
3.261039850531763932e+03 8.838136411047045919e-05 3.282141034439011662e+01 2.192451213173833846e+00 2.929375051082813997e+01 3.758853052315004883e-01 4.533892436062089473e+03 8.098661754855858153e-01 1.850779861903069534e+00 2.799894095841193575e+01 9.171823936200720340e-01 3.642554324040389702e+01
3.715343317515091712e+03 9.168700212890656660e-05 2.899415543705006115e+01 1.969105806330672781e+00 2.645437517351321688e+01 3.980896127004687757e-01 4.797641825646358484e+03 7.332718687140438174e-01 1.995916419391044805e+00 3.268814904188852921e+01 9.257028592728834271e-01 3.276767106849814581e+01
3.394273349619526925e+03 9.717641603388441865e-05 2.959305641009106225e+01 1.980159252355535582e+00 3.132574249271915079e+01 4.093826668378814371e-01 5.454498399851198883e+03 7.979085919726672804e-01 2.243881100739991918e+00 2.572774528828298202e+01 7.700297575113369541e-01 2.858452035918194056e+01
3.729983492247637514e+03 9.392335370442122264e-05 2.903768712568934163e+01 1.628268731850320838e+00 2.895216966160322158e+01 4.466539540075488701e-01 5.012746420328548083e+03 7.454199423931321400e-01 1.800483962232185986e+00 2.930345708583311648e+01 9.167905251889456597e-01 3.133750339421078124e+01
3.744030592118094319e+03 8.738474320061677338e-05 2.626133931707927971e+01 2.118060768788099679e+00 3.023053993543199880e+01 4.590912112013666446e-01 5.487469761151738567e+03 7.054646741006079802e-01 1.772318128606526155e+00 2.799375336415704396e+01 9.381144918657702281e-01 3.033593773583048758e+01
3.544993600186246567e+03 8.673350946375721685e-05 2.640394722435353003e+01 2.183468338154139765e+00 2.853127452941060582e+01 4.630109428232268565e-01 5.097710904477492477e+03 7.337536228334922139e-01 1.639804304936814727e+00 3.041031784016998429e+01 9.666500805986647515e-01 2.723218363397035446e+01
3.573495258096062116e+03 8.663866950610893815e-05 2.428398459289100231e+01 2.105324031915831728e+00 3.239390262132278764e+01 3.770449674406805562e-01 5.071767529545412799e+03 6.017460018040505787e-01 1.834298516054527095e+00 2.507202666594236007e+01 1.000927593741209654e+00 3.133403819615768526e+01
3.662192748815677533e+03 7.966295525501764906e-05 3.173472104292254770e+01 2.442485467022891488e+00 2.431752130491282315e+01 4.634917662561787721e-01 5.697548869042963815e+03 7.160520421515345069e-01 1.620587906282521251e+00 3.248553057067729100e+01 8.837171728129664672e-01 2.828513048710642508e+01
3.219647542458375483e+03 9.111129775507679541e-05 3.038088790301368647e+01 1.913737378072354334e+00 3.142148972864692524e+01 3.652959176780453676e-01 5.292911905616959302e+03 6.958654373580500652e-01 1.807068594433528075e+00 2.959954117770629622e+01 9.781997541305281763e-01 3.236209316442531048e+01
3.865609108861646291e+03 8.754616661457683606e-05 2.836826024938403279e+01 2.167211411473898508e+00 3.056108452506236262e+01 4.406552455331599338e-01 4.748042780976150425e+03 5.239933971068831964e-01 2.032715655365437080e+00 3.644370019671888627e+01 9.397227999211723581e-01 2.980162149938388083e+01
3.621138193557761952e+03 8.532890351252470529e-05 2.819820609161184777e+01 1.811995977462759866e+00 2.832230949536339537e+01 3.713726433594266574e-01 5.021911589080008525e+03 6.720934472221846701e-01 1.932613401704478928e+00 2.938137116516922021e+01 9.887701669039117292e-01 3.074592366559689438e+01
4.475486500412550413e+03 6.998061218546755211e-05 2.632818127589749579e+01 2.224993474585501563e+00 3.741797453874746537e+01 4.022438154192372606e-01 4.921397806657410911e+03 6.769645703065376718e-01 2.086601708208949635e+00 2.904464031121858270e+01 9.612062855890293189e-01 2.914041740921614476e+01
3.204044586646649805e+03 8.906472467670149969e-05 2.956562499503537111e+01 2.304947402624834663e+00 2.953683117961019633e+01 3.870338148718650562e-01 5.175752937343322628e+03 7.093144139567543194e-01 1.893106340897547923e+00 2.968516523296821674e+01 1.004430471299439409e+00 3.121540835801843627e+01
4.370474257075439709e+03 9.595177455387235118e-05 3.000437245203840675e+01 1.708839834680221825e+00 3.166562892488054715e+01 4.298366409004412136e-01 5.297366319673741600e+03 7.649822372478035648e-01 1.767605327656326608e+00 3.236788992130173170e+01 8.493925112082819640e-01 3.598791292773659478e+01
3.182240081694154924e+03 7.115223827758711348e-05 2.350255169440642433e+01 1.859237605272321625e+00 2.652427161258361821e+01 4.931882547777752257e-01 4.740015245941689500e+03 5.996409041245612803e-01 2.046629155863375349e+00 2.814987054382668674e+01 7.886831961112742428e-01 3.273966843396981830e+01
3.900080804819100649e+03 8.260086370309016992e-05 3.211131249747903382e+01 2.067349632418959082e+00 3.469599485841913378e+01 4.332380613824959870e-01 5.663814714903730419e+03 7.002176683652109324e-01 1.616817339353728178e+00 3.722834302078021551e+01 8.508803248815689502e-01 2.950455599529120221e+01
3.414097785669824134e+03 8.460056615028786124e-05 2.883229506308996903e+01 2.082193539508184532e+00 3.184094946236238854e+01 4.864265261202421198e-01 4.840972359823631450e+03 6.072291253800387034e-01 1.623709102621012423e+00 2.791294100386769728e+01 7.493223773142960731e-01 3.258671718086657165e+01
3.488324531914796353e+03 8.367144640090012377e-05 2.814387562712964908e+01 1.755949771340072241e+00 2.729423226476102116e+01 4.403318504346288020e-01 5.203084174085283848e+03 6.619441393919510697e-01 2.174820244370855526e+00 2.599918032532179524e+01 8.689511510860519206e-01 2.940822035116238098e+01
2.645824399629501841e+03 1.030889414508020141e-04 2.918039531436910039e+01 1.827799307152619512e+00 3.599287818657904126e+01 4.366585575071107450e-01 5.110467808610763313e+03 6.505968629470720854e-01 1.860984107338382820e+00 2.534143609595405522e+01 9.715523484982360181e-01 2.897594383552642583e+01
3.720442378744687176e+03 9.673760757760772422e-05 2.895074315219122951e+01 2.094569605619053032e+00 3.069251217873327420e+01 3.822525463393183220e-01 5.309642312522792054e+03 7.995392254507617258e-01 1.981152295384017048e+00 3.255001362059950054e+01 8.210446632973630310e-01 2.749080970953895786e+01
3.142251442516386305e+03 9.699839030825925935e-05 2.743370400707466672e+01 2.326708148660368902e+00 2.753138783466981465e+01 3.944527544583210088e-01 4.946758292723717204e+03 7.564633175556323419e-01 1.852610686854990973e+00 3.053514324487997555e+01 9.014874810575054243e-01 3.063651032059936696e+01
3.261348355294698649e+03 8.705588232772914819e-05 2.762399505958470414e+01 2.029402123451198303e+00 3.133714682151930830e+01 3.844220266833834332e-01 4.858591066571731972e+03 6.720435265515760648e-01 1.918266992720883080e+00 3.225056245938399968e+01 8.140117263863679842e-01 3.186689320167338124e+01
4.429626811184365579e+03 7.365254719327335063e-05 2.581233252843957970e+01 1.861274111871804582e+00 2.903312720799830515e+01 4.794425247956025093e-01 4.906542811410115974e+03 6.445227428160256178e-01 1.955924389611238157e+00 2.811015652637635753e+01 1.001107094581974222e+00 3.102206903445102881e+01
4.181083086109229953e+03 8.064584819671498340e-05 3.668082030275827776e+01 2.209297721969328610e+00 3.182171490432612515e+01 4.103884765361838216e-01 4.544457411624130145e+03 6.325348703130796446e-01 1.816384808826254860e+00 2.751966037885705418e+01 9.254408141023579004e-01 2.761630898774082965e+01
3.899243956801773493e+03 9.461380211255305107e-05 2.616231543890316047e+01 2.284427226428733082e+00 2.915604595874702909e+01 4.601556253011392927e-01 5.114701510172706548e+03 7.703769488712569613e-01 1.657830382003655068e+00 2.958444539781514138e+01 1.030628633453184229e+00 2.824263626098197122e+01
2.923326733680365123e+03 6.958139872034541974e-05 2.109377007796910419e+01 1.609499143536775811e+00 2.863726966047985556e+01 4.652392834172209835e-01 4.683307653038545141e+03 7.150487986198496015e-01 1.821169903021697012e+00 2.992936459545297723e+01 8.848621044229755261e-01 2.957878281936552511e+01
3.840534157099144977e+03 7.620158409226889331e-05 3.099262719402306487e+01 2.228775660175868367e+00 2.928412809172617415e+01 4.457224787495774332e-01 4.556341231133983456e+03 6.554297844742985601e-01 1.870198800421973839e+00 2.933496685100673318e+01 8.596135770595539904e-01 2.807884159946424418e+01
3.466561054103847709e+03 9.446740140259509756e-05 2.267890007891604043e+01 2.112944099767780859e+00 2.916054084912870792e+01 4.425223068749855604e-01 5.152386070683289290e+03 4.999105326324879695e-01 1.949082230005178440e+00 3.087350321212328907e+01 9.019676552963896699e-01 2.869226558677286931e+01
3.984489379113638279e+03 8.279022196406981692e-05 3.331378334160873322e+01 2.156190540806389500e+00 3.625168695417948328e+01 3.800967226270402510e-01 4.039596436285902655e+03 7.421491866802574222e-01 1.998442972415842345e+00 3.000954012703060414e+01 7.615086078829821359e-01 2.875481575070685381e+01
