# synthetic data experimental parameter values
# generated with solver tolerances 1e-10, 1e-12
# Beeler Reuter 1977
# 32 sets of parameter values
# mu: [-3.15220916 -5.58832564 -4.76164707 -6.94644913]
# tau: 15.0
# scale chosen so that mean is original_gs
# noise_sigma: 0.5
3.839547857763623423e-02 3.359604375543169454e-03 7.679095715527239387e-03 8.638982679968145069e-04
4.214087146779822712e-02 3.687326253432343572e-03 8.428174293559636751e-03 9.481696080254591995e-04
2.463042975942604171e-02 2.155162603949778172e-03 4.926085951885203658e-03 5.541846695870854224e-04
6.530458331402373695e-02 5.714151039977075248e-03 1.306091666280473351e-02 1.469353124565532650e-03
2.690959848188395967e-02 2.354589867164845821e-03 5.381919696376786730e-03 6.054659658423885071e-04
3.440520584112498337e-02 3.010455511098435264e-03 6.881041168224990429e-03 7.741171314253114449e-04
4.868590408565889177e-02 4.260016607495151555e-03 9.737180817131768293e-03 1.095432841927323998e-03
3.100083437368970213e-02 2.712573007697848242e-03 6.200166874737934007e-03 6.975187734080176951e-04
3.253719942465257975e-02 2.847004949657100121e-03 6.507439884930510225e-03 7.320869870546824112e-04
3.381286542137389856e-02 2.958625724370215170e-03 6.762573084274772946e-03 7.607894719809120323e-04
4.930033828693568959e-02 4.313779600106871538e-03 9.860067657387127510e-03 1.109257611456052018e-03
7.727663799550470169e-02 6.761705824606659664e-03 1.545532759910092646e-02 1.738724354898854314e-03
4.321862540348515164e-02 3.781629722804949901e-03 8.643725080697021654e-03 9.724190715784150445e-04
3.203724114900263070e-02 2.803258600537729666e-03 6.407448229800520242e-03 7.208379258525585706e-04
4.914280172672180064e-02 4.299995151088155908e-03 9.828560345344350413e-03 1.105713038851239421e-03
3.665751108191127317e-02 3.207532219667235708e-03 7.331502216382247347e-03 8.247939993430028699e-04
4.254688514761990892e-02 3.722852450416740816e-03 8.509377029523973804e-03 9.573049158214470746e-04
5.791231933438350382e-02 5.067327941758554763e-03 1.158246386687668966e-02 1.303027185023627717e-03
3.524933528786979020e-02 3.084316837688606122e-03 7.049867057573951275e-03 7.931100439770695726e-04
4.285731878439184156e-02 3.750015393634285096e-03 8.571463756878359985e-03 9.642896726488155634e-04
3.408371273110220173e-02 2.982324863971441871e-03 6.816742546220434101e-03 7.668835364497988581e-04
4.106495131651124314e-02 3.593183240194732821e-03 8.212990263302240995e-03 9.239614046215021553e-04
4.568601925188286311e-02 3.997526684539749048e-03 9.137203850376564296e-03 1.027935433167363527e-03
3.312354862271101735e-02 2.898310504487213585e-03 6.624709724542197399e-03 7.452798440109973267e-04
3.917593539608296010e-02 3.427894347157258142e-03 7.835187079216585082e-03 8.814585464118658434e-04
4.022801591646150282e-02 3.519951392690380543e-03 8.045603183292292931e-03 9.051303581203830415e-04
3.626685738492622935e-02 3.173350021181044027e-03 7.253371476985238410e-03 8.160042911608394187e-04
3.146594805495070424e-02 2.753270454808185840e-03 6.293189610990134603e-03 7.079838312363901862e-04
2.962413529281559058e-02 2.592111838121363351e-03 5.924827058563112391e-03 6.665430440883501765e-04
4.109612487081003296e-02 3.595910926195876843e-03 8.219224974161998265e-03 9.246628095932248482e-04
3.988801538053178553e-02 3.490201345796530366e-03 7.977603076106348431e-03 8.974803460619643286e-04
7.607217405694180479e-02 6.656315229982405837e-03 1.521443481138834430e-02 1.711623916281188951e-03
