# synthetic data experimental parameter values
# generated with solver tolerances 1e-10, 1e-12
# Beeler Reuter 1977 with null parameter
# 32 sets of parameter values
# Expt ln(G)s Normally distributed
# m_true: np.log(original_gs)
# sigma2_true: 0.01
4.705485225550820605e-02 3.292303023832344848e-03 7.588427325553094051e-03 8.084330768309218361e-04 2.907722172114224918e-07
3.177645429083791884e-02 4.167199156009450053e-03 7.413634846225829536e-03 9.291764655518165890e-04 2.600990191640917171e-07
4.629760573733326945e-02 2.848375687357033916e-03 7.746180020572015525e-03 8.660904318308313169e-04 2.986810803471850129e-07
3.583375503978624560e-02 3.440167450736672430e-03 7.327656123464980527e-03 9.038072675019110996e-04 2.826702320338086555e-07
3.583114676021623840e-02 3.924485812544494488e-03 8.754786800847302181e-03 9.463800165494036954e-04 2.918047849282350267e-07
3.735649037352656993e-02 3.457251626916103826e-03 7.285343558551058384e-03 8.762101464388979966e-04 2.811912339339185343e-07
3.732686762236368805e-02 3.363854926251936585e-03 7.468724774609032668e-03 8.270574819302610719e-04 2.493543122772386126e-07
3.994937366919983773e-02 3.129996648021501817e-03 8.189747863237091877e-03 1.062494772764379595e-03 2.872071852260154374e-07
3.923997112645786350e-02 3.202718793620878881e-03 7.424057289899056548e-03 1.065969745964907194e-03 2.680249878678802003e-07
3.753147406886479798e-02 3.567462350920118895e-03 9.869676287887194088e-03 9.108795385207105189e-04 2.836439487316064890e-07
4.121888339200199813e-02 3.378858680044040819e-03 7.136266367588248519e-03 8.691019968808774872e-04 2.611539331523236345e-07
4.241668390775714392e-02 3.806314164045254689e-03 8.780661529112802552e-03 9.260733987832929764e-04 2.913465801065167291e-07
3.709342239702601712e-02 3.967157264861125888e-03 8.421050001299357560e-03 8.735675680477455671e-04 2.800172626677294754e-07
3.969885249279619943e-02 3.919350327319502496e-03 9.313111288989685266e-03 1.119852550157964281e-03 2.319101020598765104e-07
3.462126447784094618e-02 3.327816496615885935e-03 8.129059617168043345e-03 9.824128676017673378e-04 2.752178411516439930e-07
3.267660350031334482e-02 3.394452791227764357e-03 8.690574138269213308e-03 9.209486101913856929e-04 2.877812252822908260e-07
3.912050053132950372e-02 3.430435296075147380e-03 8.150650017156261390e-03 9.376717377911772747e-04 2.720074378645797960e-07
4.047887846513917309e-02 3.272966433421235517e-03 8.307825652617702519e-03 9.110309682982970772e-04 2.985531069657123489e-07
4.509499397920532782e-02 3.565408416878733302e-03 7.705335775025961599e-03 8.443116859556412885e-04 2.782023911161535032e-07
4.031055966065793389e-02 3.381696818852278959e-03 8.034953623510195792e-03 8.458945267228663075e-04 2.859459029508233356e-07
3.825088118927689324e-02 3.955922167318004674e-03 8.329394011878951329e-03 9.550394185982583528e-04 2.390106841349165862e-07
4.068330034929123346e-02 3.769033541686319256e-03 7.272291792118725819e-03 8.763564483864685895e-04 2.675378077331721956e-07
3.486793789805282817e-02 3.612062387526009197e-03 8.706393200640528268e-03 8.258747843566842991e-04 2.761803341252583548e-07
3.508069969463413484e-02 3.486482741483626184e-03 6.806406535411254483e-03 1.006804299937927825e-03 2.777966837748648377e-07
3.990165327600977974e-02 3.238942237449873428e-03 9.086748420641641705e-03 1.095652043179197541e-03 2.214509792952407639e-07
4.526326865735504773e-02 4.118660725173166857e-03 8.275031362923079142e-03 7.982868229211392656e-04 2.907122570975527005e-07
3.928282592133972018e-02 3.294883812972898389e-03 7.074068174799876159e-03 9.509376643511524389e-04 2.886688333194549344e-07
3.758204392507791952e-02 3.687027589742448725e-03 7.134965408096379663e-03 9.751398206503455058e-04 2.679113571356640466e-07
3.926063947502794055e-02 3.464569495646971625e-03 8.726201421781659348e-03 9.701356696258528218e-04 2.811662050243249536e-07
4.055461463164886093e-02 3.527343652466180101e-03 8.510320197279111487e-03 9.211696481535865772e-04 2.855035832159880376e-07
3.877857008939163130e-02 2.743622677159360951e-03 8.875760322792271978e-03 1.120009815423517272e-03 2.786999857497276810e-07
3.960137859999213195e-02 3.452568663327659337e-03 7.905321362496477156e-03 9.015682114325689880e-04 2.383636779818962054e-07
