# synthetic data experimental parameter values
# generated with solver tolerances 1e-10, 1e-12
# O'Hara 2011 endo.
# 32 sets of parameter values
# mu: [  4.38415478  -9.14367371  -5.74247632  -1.58986285  -3.01244722
  -5.61731318  -7.06423216   3.46786405  -3.84535634 -17.43772335
 -21.63742842  -7.53423579  -4.82618559]
# tau: 15.0
# scale chosen so that mean is original_gs
# noise_sigma: 0.5
7.199152233306786286e+01 9.598869644409061973e-05 2.879660893322714878e-03 1.831464328153247778e-01 4.415480036428166138e-02 3.263615679099078713e-03 7.679095715527244157e-04 2.879660893322717286e+01 1.919773928881811365e-02 2.399717411102261245e-08 3.599576116653394307e-10 4.799434822204526785e-04 7.199152233306787413e-03
7.901413400212159388e+01 1.053521786694955976e-04 3.160565360084863998e-03 2.010119569013974761e-01 4.846200218796794384e-02 3.581974074762847744e-03 8.428174293559642389e-04 3.160565360084866526e+01 2.107043573389911009e-02 2.633804466737385261e-08 3.950706700106080724e-10 5.267608933474775138e-04 7.901413400212159779e-03
4.618205579892378410e+01 6.157607439856512975e-05 1.847282231956951263e-03 1.174871499524621776e-01 2.832499422333993946e-02 2.093586529551212487e-03 4.926085951885207127e-04 1.847282231956952714e+01 1.231521487971301912e-02 1.539401859964125314e-08 2.309102789946189769e-10 3.078803719928253370e-04 4.618205579892378267e-03
1.224460937137943688e+02 1.632614582850593912e-04 4.897843748551775067e-03 3.115028624078930997e-01 7.510027081112727321e-02 5.550889581692014692e-03 1.306091666280474262e-03 4.897843748551778731e+01 3.265229165701186154e-02 4.081536457126477018e-08 6.122304685689720490e-10 8.163072914252961698e-04 1.224460937137943767e-02
5.045549715353237019e+01 6.727399620470991544e-05 2.018219886141294807e-03 1.283587847585864472e-01 3.094603825416654408e-02 2.287315870960135444e-03 5.381919696376789982e-04 2.018219886141296371e+01 1.345479924094197637e-02 1.681849905117744847e-08 2.522774857676619132e-10 3.363699810235492790e-04 5.045549715353237451e-03
6.450976095210927497e+01 8.601301460281248065e-05 2.580390438084371411e-03 1.641128318621661031e-01 3.956598671729372185e-02 2.924442496495622146e-03 6.881041168224994115e-04 2.580390438084373272e+01 1.720260292056248821e-02 2.150325365070308334e-08 3.225488047605464528e-10 4.300650730140620644e-04 6.450976095210928310e-03
9.128607016061032198e+01 1.217147602141472690e-04 3.651442806424413327e-03 2.322317624885928133e-01 5.598878969850770715e-02 4.138301847281003649e-03 9.737180817131775015e-04 3.651442806424416432e+01 2.434295204282944242e-02 3.042869005353676489e-08 4.564303508030517567e-10 6.085738010707357351e-04 9.128607016061033100e-03
5.812656445066813404e+01 7.750208593422428622e-05 2.325062578026725578e-03 1.478739799624998186e-01 3.565095952974314808e-02 2.635070921763623536e-03 6.200166874737938561e-04 2.325062578026727067e+01 1.550041718684484933e-02 1.937552148355603548e-08 2.906328222533407059e-10 3.875104296711210381e-04 5.812656445066813511e-03
6.100724892122352827e+01 8.134299856163147539e-05 2.440289956848941226e-03 1.552024412555927657e-01 3.741777933835045700e-02 2.765661951095468429e-03 6.507439884930514779e-04 2.440289956848943120e+01 1.626859971232628987e-02 2.033574964040783298e-08 3.050362446061177222e-10 4.067149928081570517e-04 6.100724892122353499e-03
6.339912266507599270e+01 8.453216355343477566e-05 2.535964906603039963e-03 1.612873680599534454e-01 3.888479523457997328e-02 2.874093560816780041e-03 6.762573084274777716e-04 2.535964906603041769e+01 1.690643271068694581e-02 2.113304088835865662e-08 3.169956133253800354e-10 4.226608177671734717e-04 6.339912266507599474e-03
9.243813428800432064e+01 1.232508457173392728e-04 3.697525371520173250e-03 2.351626136286831537e-01 5.669538902997602742e-02 4.190528754389531534e-03 9.860067657387135316e-04 3.697525371520175952e+01 2.465016914346784133e-02 3.081271142933475938e-08 4.621906714400217401e-10 6.162542285866957946e-04 9.243813428800432691e-03
1.448936962415711776e+02 1.931915949887618193e-04 5.795747849662847423e-03 3.686095632385573140e-01 8.886813369483038960e-02 6.568514229617896868e-03 1.545532759910093687e-03 5.795747849662851792e+01 3.863831899775234391e-02 4.829789874719036864e-08 7.244684812078560920e-10 9.659579749438083375e-04 1.448936962415711856e-02
8.103492263153458453e+01 1.080465635087129198e-04 3.241396905261383337e-03 2.061528431746240952e-01 4.970141921400791224e-02 3.673583159296236154e-03 8.643725080697028159e-04 3.241396905261385797e+01 2.160931270174257235e-02 2.701164087717817983e-08 4.051746131576729828e-10 5.402328175435640702e-04 8.103492263153457692e-03
6.006982715437987252e+01 8.009310287250660874e-05 2.402793086175195308e-03 1.528176402807424894e-01 3.684282732135301525e-02 2.723165497665222447e-03 6.407448229800524362e-04 2.402793086175196891e+01 1.601862057450131535e-02 2.002327571812661780e-08 3.003491357718994345e-10 4.004655143625326778e-04 6.006982715437987619e-03
9.214275323760327296e+01 1.228570043168045428e-04 3.685710129504131405e-03 2.344111642364628822e-01 5.651422198573004957e-02 4.177138146771350660e-03 9.828560345344356918e-04 3.685710129504133903e+01 2.457140086336089338e-02 3.071425107920107810e-08 4.607137661880165189e-10 6.142850215840221176e-04 9.214275323760328512e-03
6.873283327858356984e+01 9.164377770477821110e-05 2.749313331143342972e-03 1.748563278607167260e-01 4.215613774419795651e-02 3.115888441962456901e-03 7.331502216382252551e-04 2.749313331143344996e+01 1.832875554095563311e-02 2.291094442619451172e-08 3.436641663929179446e-10 4.582188885238906760e-04 6.873283327858357647e-03
7.977540965178724264e+01 1.063672128690497999e-04 3.191016386071489960e-03 2.029486421541469021e-01 4.892891791976287930e-02 3.616485237547690731e-03 8.509377029523978574e-04 3.191016386071492406e+01 2.127344257380995099e-02 2.659180321726240337e-08 3.988770482589363525e-10 5.318360643452485796e-04 7.977540965178725116e-03
1.085855987519689592e+02 1.447807983359588159e-04 4.343423950078758623e-03 2.762417632250092070e-01 6.659916723454101239e-02 4.922547143422595188e-03 1.158246386687669660e-03 4.343423950078761919e+01 2.895615966719174844e-02 3.619519958398963961e-08 5.429279937598448836e-10 7.239039916797934291e-04 1.085855987519689612e-02
6.609250366475579597e+01 8.812333821967451291e-05 2.643700146590231836e-03 1.681393293231388530e-01 4.053673558105025387e-02 2.996193499468930918e-03 7.049867057573956696e-04 2.643700146590234112e+01 1.762466764393489510e-02 2.203083455491858789e-08 3.304625183237790499e-10 4.406166910983721715e-04 6.609250366475579591e-03
8.035747272073462000e+01 1.071432969609796381e-04 3.214298908829384994e-03 2.044294106015490109e-01 4.928591660205060287e-02 3.642872096673304902e-03 8.571463756878365623e-04 3.214298908829387358e+01 2.142865939219591731e-02 2.678582424024486068e-08 4.017873636036731790e-10 5.357164848048977159e-04 8.035747272073462052e-03
6.390696137081656758e+01 8.520928182775554011e-05 2.556278454832662788e-03 1.625793097273574572e-01 3.919626964076752124e-02 2.897115582143686141e-03 6.816742546220438872e-04 2.556278454832664693e+01 1.704185636555110087e-02 2.130232045693884577e-08 3.195348068540829327e-10 4.260464091387772940e-04 6.390696137081657187e-03
7.699678371845850222e+01 1.026623782912781453e-04 3.079871348738340373e-03 1.958798177797585749e-01 4.722469401398791955e-02 3.490520861903454418e-03 8.212990263302246199e-04 3.079871348738342718e+01 2.053247565825561810e-02 2.566559457281948975e-08 3.849839185922926462e-10 5.133118914563902790e-04 7.699678371845850716e-03
8.566128609728028209e+01 1.142150481297071865e-04 3.426451443891211177e-03 2.179223118314811691e-01 5.253892213966528113e-02 3.883311636410041387e-03 9.137203850376569500e-04 3.426451443891214410e+01 2.284300962594142809e-02 2.855376203242674628e-08 4.283064304864014962e-10 5.710752406485354853e-04 8.566128609728027726e-03
6.210665366758309602e+01 8.280887155677757862e-05 2.484266146703324133e-03 1.579993269303315018e-01 3.809208091611766128e-02 2.815501632930435261e-03 6.624709724542201953e-04 2.484266146703325973e+01 1.656177431135550868e-02 2.070221788919435834e-08 3.105332683379155446e-10 4.140443577838875001e-04 6.210665366758310116e-03
7.345487886765548069e+01 9.793983849020744092e-05 2.938195154706219406e-03 1.868692118393156520e-01 4.505232570549539545e-02 3.329954508667050308e-03 7.835187079216589853e-04 2.938195154706221501e+01 1.958796769804147658e-02 2.448495962255181637e-08 3.672743943382774813e-10 4.896991924510367845e-04 7.345487886765548514e-03
7.542752984336524946e+01 1.005700397911537917e-04 3.017101193734609849e-03 1.918876359215213045e-01 4.626221830393072165e-02 3.419381352899226317e-03 8.045603183292299003e-04 3.017101193734612252e+01 2.011400795823074794e-02 2.514250994778840426e-08 3.771376492168263038e-10 5.028501989557685251e-04 7.542752984336525274e-03
6.800035759673660607e+01 9.066714346231559939e-05 2.720014303869464512e-03 1.729929097260980431e-01 4.170688599266515056e-02 3.082682877718727777e-03 7.253371476985243614e-04 2.720014303869466588e+01 1.813342869246311120e-02 2.266678586557885742e-08 3.400017879836831259e-10 4.533357173115775633e-04 6.800035759673661064e-03
5.899865260303250381e+01 7.866487013737677469e-05 2.359946104121300476e-03 1.500925722221148062e-01 3.618584026319329738e-02 2.674605584670808334e-03 6.293189610990138723e-04 2.359946104121302213e+01 1.573297402747534865e-02 1.966621753434415892e-08 2.949932630151625926e-10 3.933243506868835753e-04 5.899865260303250973e-03
5.554525367402917624e+01 7.406033823203900788e-05 2.221810146961167038e-03 1.413071253467303168e-01 3.406775558673792031e-02 2.518051499889324262e-03 5.924827058563116294e-04 2.221810146961168897e+01 1.481206764640779355e-02 1.851508455800971594e-08 2.777262683701459253e-10 3.703016911601946870e-04 5.554525367402918246e-03
7.705523413276873157e+01 1.027403121770251111e-04 3.082209365310749349e-03 1.960285156337637780e-01 4.726054360143152472e-02 3.493170614018851258e-03 8.219224974162003469e-04 3.082209365310751892e+01 2.054806243540501301e-02 2.568507804425623379e-08 3.852761706638437571e-10 5.137015608851251084e-04 7.705523413276873373e-03
7.479002883849702243e+01 9.972003845132949634e-05 2.991601153539880879e-03 1.902658333651365552e-01 4.587121768761154295e-02 3.390481307345200382e-03 7.977603076106354286e-04 2.991601153539883384e+01 1.994400769026588929e-02 2.493000961283232943e-08 3.739501441924852041e-10 4.986001922566469938e-04 7.479002883849701980e-03
1.426353263567657166e+02 1.901804351423545477e-04 5.705413054270629114e-03 3.628642702516122198e-01 8.748300016548304914e-02 6.466134794840049799e-03 1.521443481138835515e-03 5.705413054270633921e+01 3.803608702847089545e-02 4.754510878558855647e-08 7.131766317838288392e-10 9.509021757117719527e-04 1.426353263567657279e-02
