# synthetic data experimental parameter values
# generated with solver tolerances 1e-10, 1e-12
# O'Hara 2011 endo.
# 32 sets of parameter values
# Expt ln(G)s Normally distributed
# m_true: [  4.31748811  -9.21034037  -5.80914299  -1.65652952  -3.07911388
  -5.68397985  -7.13089883   3.40119738  -3.91202301 -17.50439001
 -21.70409509  -7.60090246  -4.89285226]
# sigma2_true: 0.04
1.037887087869236353e+02 1.383849450492316828e-04 4.151548351476945335e-03 2.640384751539339714e-01 6.365707472264653388e-02 4.705088131673873693e-03 1.107079560393852812e-03 4.151548351476949250e+01 2.767698900984632768e-02 3.459623626230792235e-08 5.189435439346192282e-10 6.919247252461579534e-04 1.037887087869236377e-02
6.636281143307505204e+01 8.848374857743351982e-05 2.654512457323002315e-03 1.688269922857430771e-01 4.070252434561939109e-02 3.008447451632737316e-03 7.078699886194677248e-04 2.654512457323004426e+01 1.769674971548669887e-02 2.212093714435834268e-08 3.318140571653753491e-10 4.424187428871672332e-04 6.636281143307505570e-03
6.748151868187606794e+01 8.997535824250153238e-05 2.699260747275042827e-03 1.716729835266927739e-01 4.138866479155066391e-02 3.059162180245050041e-03 7.198028659400118254e-04 2.699260747275043926e+01 1.799507164850028609e-02 2.249383956062530414e-08 3.374075934093798288e-10 4.498767912125073366e-04 6.748151868187606851e-03
6.051518886243622575e+01 8.068691848324840781e-05 2.420607554497449226e-03 1.539506404660377914e-01 3.711598250229422580e-02 2.743355228430443670e-03 6.454953478659868288e-04 2.420607554497449954e+01 1.613738369664965977e-02 2.017172962081202972e-08 3.025759443121806401e-10 4.034345924162417002e-04 6.051518886243623281e-03
8.917222742793960322e+01 1.188963032372529428e-04 3.566889097117584111e-03 2.268541465766784893e-01 5.469229948913632150e-02 4.042474310066597291e-03 9.511704258980230005e-04 3.566889097117586971e+01 2.377926064745057924e-02 2.972407580931323944e-08 4.458611371396988914e-10 5.944815161862643076e-04 8.917222742793960710e-03
4.733170534208020541e+01 6.310894045610706670e-05 1.893268213683208098e-03 1.204118583902520911e-01 2.903011260980919647e-02 2.145703975507637015e-03 5.048715236488557747e-04 1.893268213683208856e+01 1.262178809122139859e-02 1.577723511402673997e-08 2.366585267104012980e-10 3.155447022805351167e-04 4.733170534208020787e-03
1.063196865664032202e+02 1.417595820885378074e-04 4.252787462656128746e-03 2.704772826249298712e-01 6.520940776072732536e-02 4.819825791010281385e-03 1.134076656708301592e-03 4.252787462656130657e+01 2.835191641770753654e-02 3.543989552213432399e-08 5.315984328320152032e-10 7.087979104426884135e-04 1.063196865664032230e-02
6.440857222637566792e+01 8.587809630183433878e-05 2.576342889055026775e-03 1.638554077438998113e-01 3.950392429884377193e-02 2.919855274262365269e-03 6.870247704146742766e-04 2.576342889055029062e+01 1.717561926036685963e-02 2.146952407545854568e-08 3.220428611318784106e-10 4.293904815091713280e-04 6.440857222637567589e-03
7.994156519771910041e+01 1.065887535969589276e-04 3.197662607908764113e-03 2.033713418629975733e-01 4.903082665460108125e-02 3.624017622296601179e-03 8.527100287756708783e-04 3.197662607908766930e+01 2.131775071939177868e-02 2.664718839923968617e-08 3.997078259885955904e-10 5.329437679847942718e-04 7.994156519771910066e-03
7.135119116380100479e+01 9.513492155173470393e-05 2.854047646552039953e-03 1.815174303207097717e-01 4.376206391379795779e-02 3.234587332758980666e-03 7.610793724138778483e-04 2.854047646552041329e+01 1.902698431034694285e-02 2.378373038793367802e-08 3.567559558190054205e-10 4.756746077586735603e-04 7.135119116380100532e-03
1.004750764223228856e+02 1.339667685630973443e-04 4.019003056892915884e-03 2.556085944183894010e-01 6.162471353902469057e-02 4.554870131145306346e-03 1.071734148504777237e-03 4.019003056892915282e+01 2.679335371261943807e-02 3.349169214077428261e-08 5.023753821116145411e-10 6.698338428154862337e-04 1.004750764223228017e-02
4.967292279383666909e+01 6.623056372511557295e-05 1.986916911753466592e-03 1.263679155875204740e-01 3.046605931355314892e-02 2.251839166653930076e-03 5.298445098009248004e-04 1.986916911753466408e+01 1.324611274502311004e-02 1.655764093127889662e-08 2.483646139691835900e-10 3.311528186255776208e-04 4.967292279383667131e-03
7.031637294270603888e+01 9.375516392360808528e-05 2.812654917708241799e-03 1.788848527662441623e-01 4.312737540485969689e-02 3.187675573402675658e-03 7.500413113888648991e-04 2.812654917708241697e+01 1.875103278472161142e-02 2.343879098090202278e-08 3.515818647135305774e-10 4.687758196180404806e-04 7.031637294270604716e-03
6.945487371378845864e+01 9.260649828505147221e-05 2.778194948551538420e-03 1.766931987278779481e-01 4.259898921112361542e-02 3.148620941691745393e-03 7.408519862804106935e-04 2.778194948551540833e+01 1.852129965701027406e-02 2.315162457126278986e-08 3.472743685689420837e-10 4.630324914252566563e-04 6.945487371378846267e-03
9.408908083784231735e+01 1.254521077837898052e-04 3.763563233513692475e-03 2.393626216514708471e-01 5.770796958054327103e-02 4.265371664648853756e-03 1.003616862270318658e-03 3.763563233513692552e+01 2.509042155675795041e-02 3.136302694594739285e-08 4.704454041892112815e-10 6.272605389189491072e-04 9.408908083784231838e-03
6.019021876178462094e+01 8.025362501571300521e-05 2.407608750471385006e-03 1.531239165299801974e-01 3.691666750722792656e-02 2.728623250534237786e-03 6.420290001257030659e-04 2.407608750471386827e+01 1.605072500314257827e-02 2.006340625392821491e-08 3.009510938089234531e-10 4.012681250785643484e-04 6.019021876178462516e-03
7.245766585168198048e+01 9.661022113557599480e-05 2.898306634067278949e-03 1.843323019266789875e-01 4.444070172236493088e-02 3.284747518609584718e-03 7.728817690846081752e-04 2.898306634067278864e+01 1.932204422711519473e-02 2.415255528389395982e-08 3.622883292584096288e-10 4.830511056778800417e-04 7.245766585168197590e-03
6.292329405908659368e+01 8.389772541211549465e-05 2.516931762363463620e-03 1.600768600863163305e-01 3.859295368957312011e-02 2.852522664011927171e-03 6.711818032969240656e-04 2.516931762363464742e+01 1.677954508242309253e-02 2.097443135302887477e-08 3.146164702954333326e-10 4.194886270605774868e-04 6.292329405908660134e-03
7.563588673974740573e+01 1.008478489863299192e-04 3.025435469589896412e-03 1.924176958659174486e-01 4.639001053371175076e-02 3.428826865535217552e-03 8.067827918906395708e-04 3.025435469589897508e+01 2.016956979726598417e-02 2.521196224658243688e-08 3.781794336987367910e-10 5.042392449316496911e-04 7.563588673974741029e-03
8.427212586356552038e+01 1.123628344847541714e-04 3.370885034542620614e-03 2.143882881969107201e-01 5.168690386298684103e-02 3.820336372481638980e-03 8.989026758780327203e-04 3.370885034542620673e+01 2.247256689695080467e-02 2.809070862118844278e-08 4.213606293178269354e-10 5.618141724237703553e-04 8.427212586356551752e-03
6.018145678838220647e+01 8.024194238450977614e-05 2.407258271535287972e-03 1.531016260696444198e-01 3.691129349687444217e-02 2.728226041073328161e-03 6.419355390760772334e-04 2.407258271535290106e+01 1.604838847690193485e-02 2.006048559612737355e-08 3.009072839419107831e-10 4.012097119225482302e-04 6.018145678838220797e-03
9.429544220120216380e+01 1.257272562682695827e-04 3.771817688048086179e-03 2.398876049598583915e-01 5.783453788340400109e-02 4.274726713121166678e-03 1.005818050146156878e-03 3.771817688048088257e+01 2.514545125365392000e-02 3.143181406706734093e-08 4.714772110060104324e-10 6.286362813413480218e-04 9.429544220120216966e-03
8.981987335346512680e+01 1.197598311379535351e-04 3.592794934138604859e-03 2.285017578112152614e-01 5.508952232345859512e-02 4.071834258690421385e-03 9.580786491036286058e-04 3.592794934138604646e+01 2.395196622759069791e-02 2.993995778448833051e-08 4.490993667673252947e-10 5.987991556897677295e-04 8.981987335346513016e-03
8.292917923370831090e+01 1.105722389782778925e-04 3.317167169348332438e-03 2.109718319705540246e-01 5.086322993000777504e-02 3.759456125261445309e-03 8.845779118262225979e-04 3.317167169348333999e+01 2.211444779565556115e-02 2.764305974456942341e-08 4.146458961685416366e-10 5.528611948913890288e-04 8.292917923370831529e-03
8.980667490974080636e+01 1.197422332129880038e-04 3.592266996389632469e-03 2.284681809703807132e-01 5.508142727797437493e-02 4.071235929241585026e-03 9.579378657039025122e-04 3.592266996389633960e+01 2.394844664259756020e-02 2.993555830324689633e-08 4.490333745487037407e-10 5.987111660649389617e-04 8.980667490974080305e-03
6.541440811065855598e+01 8.721921081421151226e-05 2.616576324426341926e-03 1.664142542335154684e-01 4.012083697453727033e-02 2.965453167683189221e-03 6.977536865136916644e-04 2.616576324426344513e+01 1.744384216284229627e-02 2.180480270355288037e-08 3.270720405532933854e-10 4.360960540710572225e-04 6.541440811065855031e-03
7.317911517437170232e+01 9.757215356582897830e-05 2.927164606974868265e-03 1.861676690036017101e-01 4.488319064028132438e-02 3.317453221238185913e-03 7.805772285266320432e-04 2.927164606974869443e+01 1.951443071316579653e-02 2.439303839145720400e-08 3.658955758718582750e-10 4.878607678291449457e-04 7.317911517437171096e-03
6.219870792904853829e+01 8.293161057206482726e-05 2.487948317161941484e-03 1.582335129714995403e-01 3.814854086314977549e-02 2.819674759450201823e-03 6.634528845765181844e-04 2.487948317161942668e+01 1.658632211441294496e-02 2.073290264301617100e-08 3.109935396452427387e-10 4.146580528603237975e-04 6.219870792904854361e-03
7.108742784467362696e+01 9.478323712623161793e-05 2.843497113786945096e-03 1.808464164368497329e-01 4.360028907806650506e-02 3.222630062291872814e-03 7.582658970098525098e-04 2.843497113786946429e+01 1.895664742524631047e-02 2.369580928155786563e-08 3.554371392233682325e-10 4.739161856311577509e-04 7.108742784467362956e-03
8.339256918416211306e+01 1.111900922455496296e-04 3.335702767366484443e-03 2.121506960045085044e-01 5.114744243295277215e-02 3.780463136348684479e-03 8.895207379643964947e-04 3.335702767366485944e+01 2.223801844910990727e-02 2.779752306138735824e-08 4.169628459208106673e-10 5.559504612277476601e-04 8.339256918416212624e-03
6.531070530456851486e+01 8.708094040609153997e-05 2.612428212182740534e-03 1.661504342948223745e-01 4.005723258680202875e-02 2.960751973807107616e-03 6.966475232487312355e-04 2.612428212182741660e+01 1.741618808121828468e-02 2.177023510152284899e-08 3.265535265228429314e-10 4.354047020304570087e-04 6.531070530456851986e-03
6.927869366246578409e+01 9.237159154995450172e-05 2.771147746498631419e-03 1.762449966773131094e-01 4.249093211297904488e-02 3.140634112698450619e-03 7.389727323996361221e-04 2.771147746498633779e+01 1.847431830999089405e-02 2.309289788748862450e-08 3.463934683123296384e-10 4.618579577497721562e-04 6.927869366246584837e-03
