# synthetic data experimental parameter values
# generated with solver tolerances 1e-10, 1e-12
# Beeler Reuter 1977
# 32 sets of parameter values
# using original_gs, and noise_sigma = 5
4.000000000000000083e-02 3.500000000000000073e-03 8.000000000000000167e-03 8.999999999999999754e-04
4.000000000000000083e-02 3.500000000000000073e-03 8.000000000000000167e-03 8.999999999999999754e-04
4.000000000000000083e-02 3.500000000000000073e-03 8.000000000000000167e-03 8.999999999999999754e-04
4.000000000000000083e-02 3.500000000000000073e-03 8.000000000000000167e-03 8.999999999999999754e-04
4.000000000000000083e-02 3.500000000000000073e-03 8.000000000000000167e-03 8.999999999999999754e-04
4.000000000000000083e-02 3.500000000000000073e-03 8.000000000000000167e-03 8.999999999999999754e-04
4.000000000000000083e-02 3.500000000000000073e-03 8.000000000000000167e-03 8.999999999999999754e-04
4.000000000000000083e-02 3.500000000000000073e-03 8.000000000000000167e-03 8.999999999999999754e-04
4.000000000000000083e-02 3.500000000000000073e-03 8.000000000000000167e-03 8.999999999999999754e-04
4.000000000000000083e-02 3.500000000000000073e-03 8.000000000000000167e-03 8.999999999999999754e-04
4.000000000000000083e-02 3.500000000000000073e-03 8.000000000000000167e-03 8.999999999999999754e-04
4.000000000000000083e-02 3.500000000000000073e-03 8.000000000000000167e-03 8.999999999999999754e-04
4.000000000000000083e-02 3.500000000000000073e-03 8.000000000000000167e-03 8.999999999999999754e-04
4.000000000000000083e-02 3.500000000000000073e-03 8.000000000000000167e-03 8.999999999999999754e-04
4.000000000000000083e-02 3.500000000000000073e-03 8.000000000000000167e-03 8.999999999999999754e-04
4.000000000000000083e-02 3.500000000000000073e-03 8.000000000000000167e-03 8.999999999999999754e-04
4.000000000000000083e-02 3.500000000000000073e-03 8.000000000000000167e-03 8.999999999999999754e-04
4.000000000000000083e-02 3.500000000000000073e-03 8.000000000000000167e-03 8.999999999999999754e-04
4.000000000000000083e-02 3.500000000000000073e-03 8.000000000000000167e-03 8.999999999999999754e-04
4.000000000000000083e-02 3.500000000000000073e-03 8.000000000000000167e-03 8.999999999999999754e-04
4.000000000000000083e-02 3.500000000000000073e-03 8.000000000000000167e-03 8.999999999999999754e-04
4.000000000000000083e-02 3.500000000000000073e-03 8.000000000000000167e-03 8.999999999999999754e-04
4.000000000000000083e-02 3.500000000000000073e-03 8.000000000000000167e-03 8.999999999999999754e-04
4.000000000000000083e-02 3.500000000000000073e-03 8.000000000000000167e-03 8.999999999999999754e-04
4.000000000000000083e-02 3.500000000000000073e-03 8.000000000000000167e-03 8.999999999999999754e-04
4.000000000000000083e-02 3.500000000000000073e-03 8.000000000000000167e-03 8.999999999999999754e-04
4.000000000000000083e-02 3.500000000000000073e-03 8.000000000000000167e-03 8.999999999999999754e-04
4.000000000000000083e-02 3.500000000000000073e-03 8.000000000000000167e-03 8.999999999999999754e-04
4.000000000000000083e-02 3.500000000000000073e-03 8.000000000000000167e-03 8.999999999999999754e-04
4.000000000000000083e-02 3.500000000000000073e-03 8.000000000000000167e-03 8.999999999999999754e-04
4.000000000000000083e-02 3.500000000000000073e-03 8.000000000000000167e-03 8.999999999999999754e-04
4.000000000000000083e-02 3.500000000000000073e-03 8.000000000000000167e-03 8.999999999999999754e-04
